Voltage(V) Current(nA)
 60.00  456.69910000
 58.00  225.17090000
 56.00  103.01570000
 54.00   33.81582000
 52.00   11.76857000
 50.00   11.03496000
 48.00   10.30960000
 46.00    9.62133100
 44.00    8.93718600
 42.00    8.30249600
 40.00    7.68016700
 38.00    6.91771400
 36.00    6.30363100
 34.00    5.70809500
 32.00    4.99303700
 30.00    4.15227700
 28.00    3.28678900
 26.00    2.56142800
 24.00    1.91437400
 22.00    0.95821730
 20.00    0.36268020
 18.00   -0.43480440
 16.00   -1.27144200
 14.00   -2.55318700
 12.00   -3.32182200
 10.00   -4.15227700
  8.00   -5.25680300
  6.00   -6.18823300
  4.00   -7.52149300
  2.00   -9.01549000
  0.00  -11.38734000
  0.00   -7.47410000
  0.00   -0.74184460
  5.00    3.93795600
 10.00    6.31391700
 15.00    6.39222400
 20.00   10.34872000
 25.00   12.05909000
 30.00   12.77620000
 35.00   15.28199000
 40.00   15.88989000
 45.00   18.90877000
 50.00   19.02623000
 55.00   76.24094000
 57.00  174.99270000
 57.00  152.95920000
 52.00   11.83854000
 47.00    9.72016800
 42.00    7.70689600
 37.00    5.83168900
 32.00    3.83078000
 27.00    1.93290600
 22.00   -0.50280320
 17.00   -2.80044800
 12.00   -6.13254600
  7.00   -8.85675000
  2.00  -14.30310000
  0.00  -14.68020000
