#Voltage(V) #Current(nA)
  0.00  -43.03540000
 -0.10  -46.29055000
 -0.20  -41.81472000
 -0.30  -51.98704000
 -0.30  -48.12157000
 -0.40  -140.48630000
 -0.50  -3428.18200000
 -0.60  -54782.80000000
 -0.70  -191223.40000000
 -0.80  -360964.00000000
 -0.90  -542437.40000000
 -1.00  -730027.70000000
 -1.10  -920935.60000000
 -1.20  -1113552.00000000
 -1.30  -1308130.00000000
 -1.40  -1503884.00000000
 -1.50  -1700238.00000000
 -1.60  -1897917.00000000
 -1.70  -2096032.00000000
