#Threshold(mV) #Counts
     1         79161
     2         79030
     3         79216
     4         79393
     5         78910
     6         79680
     7         79276
     8         79478
     9         78998
    10         79332
    11         79635
    12         80111
    13         79488
    14         80098
    15         80056
    16         80298
    17         80453
    18         80961
    19         81044
    20         80739
    21         80474
    22         80188
    23         80619
    24         80633
    25         80642
    26         80302
    27         80741
    28         80289
    29         80733
    30         80254
    31         80271
    32         80576
    33         80504
    34         80373
    35         80549
    36         80237
    37         80437
    38         80259
    39         79540
    40         79525
    41         78446
    42         78401
    43         78455
    44         72917
    45         72747
    46         72922
    47         60033
    48         60074
    49         40341
    50         39502
    51         39809
    52         19902
    53         19513
    54          6822
    55          6950
    56          6927
    57          2041
    58          2105
    59           880
    60           874
    61           911
    62           638
    63           652
    64           562
    65           523
    66           560
    67           492
    68           431
    69           438
    70           435
    71           413
    72           316
    73           358
    74           345
    75           302
    76           293
    77           291
    78           230
    79           309
    80           240
    81           273
    82           224
    83           214
    84           242
    85           209
    86           248
    87           237
    88           218
    89           204
    90           228
    91           223
    92           229
    93           215
    94           212
    95           200
    96           214
    97           198
    98           199
    99           203
   100           196
   101           192
   102           152
   103           130
   104           126
   105           122
   106           142
   107           150
   108            85
   109            86
   110            60
   111            59
   112            63
   113            27
   114            29
   115            31
   116            12
   117            11
   118             4
   119             9
   120            12
   121             2
   122             1
   123             2
   124             1
   125             0
   126             3
   127             2
   128             1
   129             1
   130             2
   131             0
   132             0
   133             0
   134             0
   135             0
   136             1
   137             2
   138             2
   139             3
   140             0
   141             0
   142             2
   143             0
   144             3
   145             0
   146             0
   147             2
   148             1
   149             1
   150             1
   151             1
   152             1
   153             2
   154             1
   155             0
   156             1
   157             0
   158             0
   159             1
   160             1
   161             0
   162             0
   163             0
   164             0
   165             1
   166             0
   167             0
   168             0
   169             0
   170             0
