#Threshold(mV) #Counts
     1         95932
     2         96194
     3         92795
     4         92441
     5         92839
     6         92766
     7         93256
     8         93177
     9         93127
    10         93160
    11         93454
    12         93180
    13         93455
    14         93581
    15         93449
    16         93456
    17         93679
    18         94174
    19         94052
    20         94071
    21         94403
    22         93826
    23         94060
    24         95179
    25         94414
    26         95704
    27         95794
    28         95707
    29         99308
    30         99329
    31        115068
    32        114824
    33        114940
    34        136186
    35        135618
    36        132326
    37        132451
    38        131893
    39        112068
    40        112310
    41        101996
    42        101161
    43        101032
    44         99259
    45         99378
    46         99022
    47         98680
    48         99558
    49         99347
    50         98860
    51         99340
    52         98090
    53         98106
    54         99138
    55         98642
    56         99049
    57         98215
    58         97958
    59         97850
    60         97348
    61         98007
    62         97951
    63         97820
    64         98142
    65         97260
    66         97782
    67         97417
    68         97227
    69         97811
    70         97389
    71         97011
    72         96716
    73         96888
    74         96945
    75         96786
    76         97429
    77         96415
    78         97199
    79         96987
    80         97083
    81         96419
    82         96303
    83         96507
    84         96576
    85         95915
    86         95344
    87         94111
    88         95346
    89         94161
    90         90504
    91         90723
    92         90288
    93         79856
    94         79677
    95         60865
    96         61367
    97         61218
    98         38910
    99         39146
   100         19497
   101         19527
   102         19506
   103          8137
   104          8215
   105          3788
   106          3842
   107          3771
   108          2826
   109          2786
   110          2493
   111          2448
   112          2550
   113          2299
   114          2334
   115          2299
   116          2226
   117          2180
   118          1998
   119          2042
   120          2029
   121          1910
   122          1989
   123          1753
   124          1782
   125          1702
   126          1609
   127          1653
   128          1433
   129          1526
   130          1461
   131          1398
   132          1330
   133          1208
   134          1220
   135          1232
   136          1173
   137          1093
   138          1114
   139          1022
   140          1007
   141           879
   142           941
   143           831
   144           861
   145           842
   146           776
   147           839
   148           796
   149           738
   150           789
   151           775
   152           717
   153           714
   154           746
   155           749
   156           705
   157           729
   158           706
   159           790
   160           716
   161           731
   162           677
   163           752
   164           722
   165           722
   166           691
   167           704
   168           672
   169           681
   170           703
   171           682
   172           649
   173           654
   174           689
   175           633
   176           669
   177           690
   178           676
   179           637
   180           633
   181           632
   182           621
   183           625
   184           660
   185           663
   186           615
   187           581
   188           614
   189           581
   190           634
   191           559
   192           529
   193           552
   194           551
   195           529
   196           505
   197           429
   198           403
   199           397
   200           371
   201           349
   202           258
   203           247
   204           246
   205           149
   206           143
   207           150
   208            97
   209            94
   210            45
   211            58
   212            46
   213            28
   214            25
   215            12
   216            22
   217            23
   218            18
   219            22
   220            17
   221            17
   222            13
   223            21
   224            22
   225            13
   226            21
   227            15
   228            12
   229            13
   230            10
   231            12
   232            15
   233            12
   234            11
   235             3
   236             9
   237            12
   238            11
   239            10
   240             9
   241             8
   242             6
   243            11
   244             8
   245             8
   246            10
   247            11
   248             4
   249             6
   250            10
   251            11
   252            14
   253             2
   254             8
   255            15
   256             5
   257             8
   258             8
   259             9
   260             8
   261             8
   262             4
   263             8
   264             6
   265             8
   266             8
   267            15
   268             4
   269             4
   270             6
   271             6
   272             6
   273            13
   274             9
   275             5
   276             2
   277             6
   278             4
   279             5
   280             7
   281             4
   282             4
   283             6
   284             8
   285             4
   286             6
   287             3
   288             6
   289             4
   290             5
   291             7
   292             8
   293             4
   294             1
   295             3
   296             3
   297             5
   298             4
   299             6
   300             5
