Threshold(mV) Counts
     1        121634
     3        120594
     5        198916
     7       1110907
     9        211436
    11        123355
    13        125111
    15        127173
    17        122786
    19        123246
    21        123679
    23        123435
    25        124072
    27        128062
    29        129272
    31        125635
    33        127854
    35        134296
    37        132444
    39        138757
    41        167173
    43        166799
    45        213165
    47        240056
    49        239771
    51        238802
    53        217271
    55        182378
    57        150024
    59        140079
    61        138757
    63        137124
    65        137175
    67        137078
    69        137473
    71        136348
    73        136889
    75        135640
    77        135778
    79        135641
    81        135699
    83        135288
    85        134568
    87        133636
    89        133116
    91        132438
    93        133037
    95        132514
    97        132770
    99        131200
   101        131588
   103        131024
   105        130798
   107        130501
   109        130194
   111        130421
   113        129564
   115        129876
   117        129320
   119        129209
   121        128202
   123        127672
   125        127679
   127        126476
   129        122497
   131        113069
   133         95056
   135         94365
   137         68441
   139         42338
   141         22224
   143         22074
   145         11220
   147          7471
   149          6415
   151          6132
   153          6130
   155          5964
   157          5822
   159          5562
   161          5623
   163          5322
   165          5257
   167          4934
   169          4728
   171          4619
   173          4339
   175          4098
   177          3743
   179          3546
   181          3581
   183          3309
   185          3174
   187          2874
   189          2887
   191          2803
   193          2447
   195          2314
   197          2134
   199          2170
   201          2007
   203          1978
   205          1806
   207          1862
   209          1788
   211          1739
   213          1697
   215          1701
   217          1703
   219          1708
   221          1667
   223          1612
   225          1616
   227          1562
   229          1538
   231          1491
   233          1512
   235          1568
   237          1585
   239          1491
   241          1472
   243          1522
   245          1464
   247          1496
   249          1495
   251          1419
   253          1376
   255          1404
   257          1347
   259          1377
   261          1364
   263          1426
   265          1269
   267          1225
   269          1128
   271          1132
   273          1121
   275           921
   277           712
   279           597
   281           538
   283           391
   285           254
   287           149
   289           114
   291           110
   293            95
   295            63
   297            57
   299            69
   301            77
   303            53
   305            63
   307            72
   309            76
   311            81
   313            50
   315            56
   317            52
   319            44
   321            45
   323            44
   325            43
   327            55
   329            44
   331            43
   333            25
   335            42
   337            33
   339            33
   341            28
   343            34
   345            36
   347            33
   349            19
   351            19
   353            23
   355            25
   357            29
   359            25
   361            31
   363            23
   365            30
   367            33
   369            22
   371            14
   373            27
   375            21
   377            28
   379            14
   381            25
   383            23
   385            27
   387            20
   389            23
   391            20
   393            19
   395            21
   397            12
   399            22
   401            12
   403            19
   405            16
   407            19
   409            12
   411            15
   413             6
   415             6
   417             4
   419            11
   421             0
   423             0
   425             4
   427             3
   429             0
