Threshold(mV) Counts
     1        106224
     3        181561
     5        181272
     7        182586
     9        183216
    11        183472
    13        184424
    15        184096
    17        184875
    19        185646
    21        186753
    23        186937
    25        187158
    27        188028
    29        187545
    31        189300
    33        189956
    35        190465
    37        192698
    39        193989
    41        195234
    43        194679
    45        196791
    47        199342
    49        201847
    51        201493
    53        204896
    55        206603
    57        214826
    59        236755
    61        236658
    63        291574
    65        349251
    67        380445
    69        382947
    71        390485
    73        393840
    75        393726
    77        392190
    79        394753
    81        393514
    83        388746
    85        368182
    87        324677
    89        324472
    91        281555
    93        258288
    95        251014
    97        251037
    99        249452
   101        248577
   103        246749
   105        247125
   107        246946
   109        246199
   111        244819
   113        243104
   115        244254
   117        244330
   119        243723
   121        243483
   123        242929
   125        243663
   127        242189
   129        241677
   131        237622
   133        237796
   135        236850
   137        235030
   139        233818
   141        233002
   143        233420
   145        230576
   147        229988
   149        228608
   151        227352
   153        225861
   155        226925
   157        224231
   159        222350
   161        223407
   163        222795
   165        221008
   167        221450
   169        219141
   171        219204
   173        218768
   175        217572
   177        216896
   179        215753
   181        215664
   183        214780
   185        213811
   187        212060
   189        211823
   191        211504
   193        211445
   195        210447
   197        209927
   199        209371
   201        208516
   203        206939
   205        200138
   207        199016
   209        185040
   211        157135
   213        122114
   215         84121
   217         84443
   219         54564
   221         36699
   223         28449
   225         26029
   227         26117
   229         24950
   231         24394
   233         24079
   235         24164
   237         23555
   239         23151
   241         22821
   243         22179
   245         21994
   247         22133
   249         21631
   251         21144
   253         21002
   255         20586
   257         20005
   259         19162
   261         18754
   263         19067
   265         18129
   267         17511
   269         17071
   271         16230
   273         16035
   275         15381
   277         14716
   279         14472
   281         14272
   283         13829
   285         13305
   287         12832
   289         12576
   291         12473
   293         11912
   295         11155
   297         10575
   299         10624
   301          9822
   303          9254
   305          8824
   307          8468
   309          8219
   311          8162
   313          7932
   315          7587
   317          7503
   319          7400
   321          6894
   323          7041
   325          6940
   327          6910
   329          6960
   331          6617
   333          6508
   335          6449
   337          6370
   339          6453
   341          6222
   343          6058
   345          6017
   347          6067
   349          5995
   351          5906
   353          5805
   355          5771
   357          5557
   359          5403
   361          5433
   363          5353
   365          5513
   367          5318
   369          5103
   371          5093
   373          5048
   375          5173
   377          4903
   379          4979
   381          4858
   383          4927
   385          4838
   387          4686
   389          4870
   391          4782
   393          4673
   395          4583
   397          4513
   399          4527
   401          4470
   403          4456
   405          4353
   407          4280
   409          4387
   411          4334
   413          4049
   415          3771
   417          3584
   419          3519
   421          3025
   423          2610
   425          2095
   427          1529
   429          1442
   431          1106
   433           920
   435           724
   437           681
   439           679
   441           673
   443           590
   445           582
   447           597
   449           617
   451           579
   453           557
   455           545
   457           549
   459           525
   461           514
   463           469
   465           514
   467           505
   469           460
   471           469
   473           489
   475           454
   477           405
   479           425
   481           430
   483           459
   485           382
   487           364
   489           375
   491           367
   493           366
   495           380
   497           342
   499           283
