Threshold(mV) Counts
     1        148509
     3        148674
     5        148346
     7        149570
     9        149539
    11        150786
    13        150396
    15        151273
    17        152309
    19        151591
    21        152318
    23        152608
    25        153263
    27        152829
    29        154427
    31        154541
    33        154914
    35        156250
    37        157296
    39        158526
    41        160611
    43        161058
    45        162114
    47        166392
    49        181000
    51        180014
    53        222130
    55        276119
    57        305799
    59        314071
    61        312179
    63        314445
    65        311874
    67        298653
    69        299087
    71        269018
    73        223528
    75        197315
    77        186549
    79        186629
    81        184657
    83        183936
    85        183371
    87        182349
    89        183641
    91        182163
    93        181244
    95        181030
    97        181703
    99        181089
   101        181328
   103        182081
   105        180652
   107        181465
   109        179124
   111        178142
   113        177324
   115        178571
   117        175975
   119        174624
   121        174056
   123        173935
   125        173379
   127        172604
   129        172213
   131        171733
   133        169667
   135        170433
   137        170248
   139        168387
   141        168040
   143        167544
   145        168280
   147        166897
   149        165928
   151        166574
   153        165156
   155        164469
   157        164451
   159        163563
   161        162498
   163        162866
   165        161838
   167        158519
   169        148013
   171        148683
   173        128091
   175        100882
   177         68817
   179         40151
   181         41033
   183         23913
   185         16146
   187         13754
   189         13864
   191         13320
   193         12643
   195         12400
   197         12238
   199         12158
   201         11895
   203         11600
   205         11452
   207         11364
   209         10852
   211         10565
   213         10085
   215          9916
   217         10016
   219          9364
   221          8999
   223          8653
   225          8042
   227          8051
   229          7685
   231          7289
   233          7017
   235          6932
   237          6829
   239          6297
   241          6045
   243          5651
   245          5703
   247          5385
   249          4842
   251          4669
   253          4570
   255          4274
   257          4218
   259          3995
   261          3730
   263          3921
   265          3829
   267          3614
   269          3518
   271          3477
   273          3457
   275          3552
   277          3440
   279          3420
   281          3377
   283          3374
   285          3277
   287          3179
   289          3210
   291          3107
   293          3000
   295          3021
   297          3013
   299          3026
   301          3049
   303          2950
   305          2825
   307          2858
   309          2867
   311          2900
   313          2741
   315          2710
   317          2791
   319          2724
   321          2696
   323          2613
   325          2672
   327          2699
   329          2645
   331          2672
   333          2613
   335          2593
   337          2505
   339          2495
   341          2366
   343          2196
   345          2154
   347          2098
   349          1876
   351          1566
   353          1176
   355          1219
   357           802
   359           599
   361           391
   363           408
   365           320
   367           250
   369           254
   371           211
   373           227
   375           235
   377           257
   379           204
   381           193
   383           201
   385           183
   387           192
   389           213
   391           185
   393           176
   395           170
   397           180
   399           159
   401           156
   403           152
   405           155
   407           140
   409           147
   411           123
   413           130
   415           111
   417           103
   419           125
   421           106
   423           114
   425           103
   427            95
   429           101
   431            75
   433            94
   435            99
   437           112
   439            91
   441            74
   443            65
   445            85
   447            65
   449            75
   451            62
   453            62
   455            68
   457            68
   459            81
