LECROYHDO9204-MSöv,30454,Histogram
Segments,1,SegmentSize,1000
Segment,TrigTime,TimeSinceSegment1
#1,01-Jan-2009 07:17:56,0                 
Time,Ampl
-1.62e-08,0
-1.615e-08,0
-1.61e-08,0
-1.605e-08,0
-1.6e-08,0
-1.595e-08,0
-1.59e-08,0
-1.585e-08,0
-1.58e-08,0
-1.575e-08,0
-1.57e-08,0
-1.565e-08,0
-1.56e-08,0
-1.555e-08,0
-1.55e-08,0
-1.545e-08,0
-1.54e-08,0
-1.535e-08,0
-1.53e-08,0
-1.525e-08,0
-1.52e-08,0
-1.515e-08,0
-1.51e-08,0
-1.505e-08,0
-1.5e-08,0
-1.495e-08,0
-1.49e-08,0
-1.485e-08,0
-1.48e-08,0
-1.475e-08,0
-1.47e-08,0
-1.465e-08,0
-1.46e-08,0
-1.455e-08,0
-1.45e-08,0
-1.445e-08,0
-1.44e-08,0
-1.435e-08,0
-1.43e-08,0
-1.425e-08,0
-1.42e-08,0
-1.415e-08,0
-1.41e-08,0
-1.405e-08,0
-1.4e-08,0
-1.395e-08,0
-1.39e-08,0
-1.385e-08,0
-1.38e-08,0
-1.375e-08,0
-1.37e-08,0
-1.365e-08,0
-1.36e-08,0
-1.355e-08,0
-1.35e-08,0
-1.345e-08,0
-1.34e-08,0
-1.335e-08,0
-1.33e-08,0
-1.325e-08,0
-1.32e-08,0
-1.315e-08,0
-1.31e-08,0
-1.305e-08,0
-1.3e-08,0
-1.295e-08,0
-1.29e-08,0
-1.285e-08,0
-1.28e-08,0
-1.275e-08,0
-1.27e-08,0
-1.265e-08,0
-1.26e-08,0
-1.255e-08,0
-1.25e-08,0
-1.245e-08,0
-1.24e-08,0
-1.235e-08,0
-1.23e-08,0
-1.225e-08,0
-1.22e-08,0
-1.215e-08,0
-1.21e-08,0
-1.205e-08,0
-1.2e-08,0
-1.195e-08,0
-1.19e-08,0
-1.185e-08,0
-1.18e-08,0
-1.175e-08,0
-1.17e-08,0
-1.165e-08,0
-1.16e-08,0
-1.155e-08,0
-1.15e-08,0
-1.145e-08,0
-1.14e-08,0
-1.135e-08,0
-1.13e-08,0
-1.125e-08,0
-1.12e-08,0
-1.115e-08,0
-1.11e-08,0
-1.105e-08,0
-1.1e-08,0
-1.095e-08,0
-1.09e-08,0
-1.085e-08,0
-1.08e-08,0
-1.075e-08,0
-1.07e-08,0
-1.065e-08,0
-1.06e-08,0
-1.055e-08,0
-1.05e-08,0
-1.045e-08,0
-1.04e-08,0
-1.035e-08,0
-1.03e-08,0
-1.025e-08,0
-1.02e-08,0
-1.015e-08,0
-1.01e-08,0
-1.005e-08,0
-1e-08,0
-9.95e-09,0
-9.9e-09,0
-9.85e-09,0
-9.8e-09,0
-9.75e-09,0
-9.7e-09,0
-9.65e-09,0
-9.6e-09,0
-9.55e-09,0
-9.5e-09,0
-9.45e-09,0
-9.4e-09,0
-9.35e-09,0
-9.3e-09,0
-9.25e-09,0
-9.2e-09,0
-9.15e-09,0
-9.1e-09,0
-9.05e-09,0
-9e-09,0
-8.95e-09,0
-8.9e-09,0
-8.85e-09,0
-8.8e-09,0
-8.75e-09,0
-8.7e-09,0
-8.65e-09,0
-8.6e-09,0
-8.55e-09,0
-8.5e-09,0
-8.45e-09,0
-8.4e-09,0
-8.35e-09,0
-8.3e-09,0
-8.25e-09,0
-8.2e-09,0
-8.15e-09,0
-8.1e-09,0
-8.05e-09,0
-8e-09,0
-7.95e-09,0
-7.9e-09,0
-7.85e-09,0
-7.8e-09,0
-7.75e-09,0
-7.7e-09,0
-7.65e-09,0
-7.6e-09,0
-7.55e-09,0
-7.5e-09,0
-7.45e-09,0
-7.4e-09,0
-7.35e-09,0
-7.3e-09,0
-7.25e-09,0
-7.2e-09,0
-7.15e-09,0
-7.1e-09,0
-7.05e-09,0
-7e-09,0
-6.95e-09,0
-6.9e-09,0
-6.85e-09,0
-6.8e-09,0
-6.75e-09,0
-6.7e-09,0
-6.65e-09,0
-6.6e-09,0
-6.55e-09,0
-6.5e-09,0
-6.45e-09,0
-6.4e-09,0
-6.35e-09,0
-6.3e-09,0
-6.25e-09,0
-6.2e-09,0
-6.15e-09,0
-6.1e-09,0
-6.05e-09,0
-6e-09,0
-5.95e-09,0
-5.9e-09,0
-5.85e-09,0
-5.8e-09,0
-5.75e-09,0
-5.7e-09,0
-5.65e-09,0
-5.6e-09,0
-5.55e-09,0
-5.5e-09,0
-5.45e-09,0
-5.4e-09,0
-5.35e-09,0
-5.3e-09,0
-5.25e-09,0
-5.2e-09,0
-5.15e-09,0
-5.1e-09,0
-5.05e-09,0
-5e-09,0
-4.95e-09,0
-4.9e-09,0
-4.85e-09,0
-4.8e-09,0
-4.75e-09,0
-4.7e-09,0
-4.65e-09,0
-4.6e-09,0
-4.55e-09,0
-4.5e-09,0
-4.45e-09,0
-4.4e-09,0
-4.35e-09,0
-4.3e-09,0
-4.25e-09,0
-4.2e-09,0
-4.15e-09,0
-4.1e-09,0
-4.05e-09,0
-4e-09,0
-3.95e-09,0
-3.9e-09,0
-3.85e-09,0
-3.8e-09,0
-3.75e-09,0
-3.7e-09,0
-3.65e-09,0
-3.6e-09,0
-3.55e-09,0
-3.5e-09,0
-3.45e-09,0
-3.4e-09,0
-3.35e-09,0
-3.3e-09,0
-3.25e-09,0
-3.2e-09,0
-3.15e-09,0
-3.1e-09,0
-3.05e-09,0
-3e-09,0
-2.95e-09,1
-2.9e-09,2
-2.85e-09,0
-2.8e-09,4
-2.75e-09,6
-2.7e-09,5
-2.65e-09,2
-2.6e-09,11
-2.55e-09,13
-2.5e-09,14
-2.45e-09,7
-2.4e-09,4
-2.35e-09,4
-2.3e-09,3
-2.25e-09,0
-2.2e-09,1
-2.15e-09,1
-2.1e-09,1
-2.05e-09,0
-2e-09,1
-1.95e-09,0
-1.9e-09,0
-1.85e-09,0
-1.8e-09,1
-1.75e-09,0
-1.7e-09,0
-1.65e-09,0
-1.6e-09,0
-1.55e-09,0
-1.5e-09,0
-1.45e-09,2
-1.4e-09,1
-1.35e-09,8
-1.3e-09,11
-1.25e-09,21
-1.2e-09,22
-1.15e-09,26
-1.1e-09,29
-1.05e-09,48
-1e-09,48
-9.5e-10,35
-9e-10,37
-8.5e-10,33
-8e-10,19
-7.5e-10,18
-7e-10,8
-6.5e-10,6
-6e-10,4
-5.5e-10,2
-5e-10,1
-4.5e-10,1
-4e-10,1
-3.5e-10,3
-3e-10,1
-2.5e-10,1
-2e-10,1
-1.5e-10,0
-1e-10,4
-5e-11,2
5.205e-23,4
5e-11,8
1e-10,2
1.5e-10,16
2e-10,23
2.5e-10,19
3e-10,31
3.5e-10,53
4e-10,73
4.5e-10,91
5e-10,89
5.5e-10,72
6e-10,77
6.5e-10,71
7e-10,58
7.5e-10,38
8e-10,21
8.5e-10,20
9e-10,15
9.5e-10,11
1e-09,7
1.05e-09,12
1.1e-09,8
1.15e-09,2
1.2e-09,1
1.25e-09,5
1.3e-09,8
1.35e-09,3
1.4e-09,7
1.45e-09,11
1.5e-09,7
1.55e-09,6
1.6e-09,11
1.65e-09,15
1.7e-09,23
1.75e-09,32
1.8e-09,59
1.85e-09,51
1.9e-09,94
1.95e-09,120
2e-09,123
2.05e-09,106
2.1e-09,106
2.15e-09,125
2.2e-09,90
2.25e-09,70
2.3e-09,56
2.35e-09,34
2.4e-09,28
2.45e-09,17
2.5e-09,15
2.55e-09,12
2.6e-09,11
2.65e-09,11
2.7e-09,8
2.75e-09,8
2.8e-09,11
2.85e-09,10
2.9e-09,11
2.95e-09,11
3e-09,9
3.05e-09,15
3.1e-09,13
3.15e-09,16
3.2e-09,21
3.25e-09,30
3.3e-09,62
3.35e-09,76
3.4e-09,86
3.45e-09,108
3.5e-09,149
3.55e-09,147
3.6e-09,122
3.65e-09,141
3.7e-09,104
3.75e-09,72
3.8e-09,74
3.85e-09,59
3.9e-09,41
3.95e-09,25
4e-09,25
4.05e-09,13
4.1e-09,19
4.15e-09,15
4.2e-09,13
4.25e-09,9
4.3e-09,10
4.35e-09,13
4.4e-09,6
4.45e-09,11
4.5e-09,9
4.55e-09,12
4.6e-09,20
4.65e-09,31
4.7e-09,31
4.75e-09,26
4.8e-09,48
4.85e-09,66
4.9e-09,64
4.95e-09,97
5e-09,95
5.05e-09,112
5.1e-09,112
5.15e-09,114
5.2e-09,122
5.25e-09,84
5.3e-09,65
5.35e-09,74
5.4e-09,36
5.45e-09,37
5.5e-09,18
5.55e-09,22
5.6e-09,21
5.65e-09,13
5.7e-09,17
5.75e-09,9
5.8e-09,12
5.85e-09,18
5.9e-09,19
5.95e-09,18
6e-09,11
6.05e-09,7
6.1e-09,21
6.15e-09,18
6.2e-09,32
6.25e-09,21
6.3e-09,40
6.35e-09,47
6.4e-09,39
6.45e-09,59
6.5e-09,78
6.55e-09,86
6.6e-09,77
6.65e-09,107
6.7e-09,79
6.75e-09,76
6.8e-09,48
6.85e-09,55
6.9e-09,44
6.95e-09,31
7e-09,16
7.05e-09,18
7.1e-09,14
7.15e-09,22
7.2e-09,13
7.25e-09,9
7.3e-09,12
7.35e-09,11
7.4e-09,15
7.45e-09,9
7.5e-09,15
7.55e-09,13
7.6e-09,8
7.65e-09,12
7.7e-09,16
7.75e-09,16
7.8e-09,25
7.85e-09,33
7.9e-09,36
7.95e-09,35
8e-09,56
8.05e-09,54
8.1e-09,66
8.15e-09,55
8.2e-09,55
8.25e-09,55
8.3e-09,44
8.35e-09,40
8.4e-09,25
8.45e-09,28
8.5e-09,19
8.55e-09,16
8.6e-09,16
8.65e-09,8
8.7e-09,9
8.75e-09,9
8.8e-09,8
8.85e-09,6
8.9e-09,7
8.95e-09,9
9e-09,7
9.05e-09,8
9.1e-09,5
9.15e-09,6
9.2e-09,11
9.25e-09,11
9.3e-09,18
9.35e-09,12
9.4e-09,20
9.45e-09,22
9.5e-09,34
9.55e-09,34
9.6e-09,32
9.65e-09,37
9.7e-09,32
9.75e-09,38
9.8e-09,28
9.85e-09,24
9.9e-09,23
9.95e-09,10
1e-08,11
1.005e-08,9
1.01e-08,9
1.015e-08,6
1.02e-08,8
1.025e-08,6
1.03e-08,6
1.035e-08,13
1.04e-08,2
1.045e-08,6
1.05e-08,7
1.055e-08,6
1.06e-08,6
1.065e-08,10
1.07e-08,10
1.075e-08,7
1.08e-08,9
1.085e-08,8
1.09e-08,10
1.095e-08,16
1.1e-08,12
1.105e-08,25
1.11e-08,18
1.115e-08,20
1.12e-08,18
1.125e-08,13
1.13e-08,13
1.135e-08,7
1.14e-08,9
1.145e-08,8
1.15e-08,5
1.155e-08,10
1.16e-08,4
1.165e-08,5
1.17e-08,5
1.175e-08,2
1.18e-08,4
1.185e-08,4
1.19e-08,8
1.195e-08,4
1.2e-08,3
1.205e-08,5
1.21e-08,2
1.215e-08,3
1.22e-08,2
1.225e-08,2
1.23e-08,2
1.235e-08,9
1.24e-08,6
1.245e-08,8
1.25e-08,2
1.255e-08,11
1.26e-08,16
1.265e-08,5
1.27e-08,11
1.275e-08,10
1.28e-08,6
1.285e-08,8
1.29e-08,8
1.295e-08,2
1.3e-08,5
1.305e-08,1
1.31e-08,5
1.315e-08,1
1.32e-08,4
1.325e-08,4
1.33e-08,3
1.335e-08,4
1.34e-08,3
1.345e-08,1
1.35e-08,3
1.355e-08,1
1.36e-08,1
1.365e-08,1
1.37e-08,1
1.375e-08,3
1.38e-08,1
1.385e-08,0
1.39e-08,4
1.395e-08,1
1.4e-08,2
1.405e-08,3
1.41e-08,2
1.415e-08,5
1.42e-08,1
1.425e-08,5
1.43e-08,1
1.435e-08,4
1.44e-08,5
1.445e-08,5
1.45e-08,1
1.455e-08,2
1.46e-08,3
1.465e-08,0
1.47e-08,0
1.475e-08,2
1.48e-08,0
1.485e-08,0
1.49e-08,1
1.495e-08,1
1.5e-08,0
1.505e-08,0
1.51e-08,1
1.515e-08,1
1.52e-08,2
1.525e-08,1
1.53e-08,1
1.535e-08,0
1.54e-08,0
1.545e-08,0
1.55e-08,1
1.555e-08,0
1.56e-08,2
1.565e-08,3
1.57e-08,2
1.575e-08,1
1.58e-08,2
1.585e-08,0
1.59e-08,2
1.595e-08,1
1.6e-08,1
1.605e-08,1
1.61e-08,0
1.615e-08,1
1.62e-08,2
1.625e-08,1
1.63e-08,1
1.635e-08,0
1.64e-08,1
1.645e-08,0
1.65e-08,0
1.655e-08,1
1.66e-08,0
1.665e-08,0
1.67e-08,0
1.675e-08,0
1.68e-08,0
1.685e-08,0
1.69e-08,1
1.695e-08,0
1.7e-08,0
1.705e-08,0
1.71e-08,0
1.715e-08,0
1.72e-08,1
1.725e-08,2
1.73e-08,2
1.735e-08,0
1.74e-08,0
1.745e-08,0
1.75e-08,0
1.755e-08,0
1.76e-08,0
1.765e-08,1
1.77e-08,0
1.775e-08,0
1.78e-08,0
1.785e-08,0
1.79e-08,0
1.795e-08,0
1.8e-08,0
1.805e-08,1
1.81e-08,0
1.815e-08,0
1.82e-08,0
1.825e-08,0
1.83e-08,0
1.835e-08,0
1.84e-08,0
1.845e-08,0
1.85e-08,1
1.855e-08,0
1.86e-08,0
1.865e-08,0
1.87e-08,1
1.875e-08,0
1.88e-08,1
1.885e-08,0
1.89e-08,0
1.895e-08,0
1.9e-08,0
1.905e-08,0
1.91e-08,0
1.915e-08,0
1.92e-08,0
1.925e-08,0
1.93e-08,0
1.935e-08,0
1.94e-08,0
1.945e-08,0
1.95e-08,0
1.955e-08,0
1.96e-08,0
1.965e-08,0
1.97e-08,0
1.975e-08,0
1.98e-08,0
1.985e-08,0
1.99e-08,0
1.995e-08,0
2e-08,0
2.005e-08,0
2.01e-08,0
2.015e-08,0
2.02e-08,0
2.025e-08,0
2.03e-08,0
2.035e-08,0
2.04e-08,1
2.045e-08,0
2.05e-08,0
2.055e-08,0
2.06e-08,0
2.065e-08,0
2.07e-08,0
2.075e-08,0
2.08e-08,0
2.085e-08,0
2.09e-08,0
2.095e-08,0
2.1e-08,0
2.105e-08,0
2.11e-08,0
2.115e-08,0
2.12e-08,1
2.125e-08,0
2.13e-08,0
2.135e-08,0
2.14e-08,0
2.145e-08,0
2.15e-08,0
2.155e-08,0
2.16e-08,0
2.165e-08,0
2.17e-08,0
2.175e-08,0
2.18e-08,0
2.185e-08,0
2.19e-08,0
2.195e-08,0
2.2e-08,0
2.205e-08,0
2.21e-08,0
2.215e-08,0
2.22e-08,0
2.225e-08,0
2.23e-08,0
2.235e-08,0
2.24e-08,0
2.245e-08,0
2.25e-08,0
2.255e-08,0
2.26e-08,0
2.265e-08,0
2.27e-08,0
2.275e-08,0
2.28e-08,0
2.285e-08,0
2.29e-08,0
2.295e-08,0
2.3e-08,0
2.305e-08,0
2.31e-08,0
2.315e-08,0
2.32e-08,0
2.325e-08,0
2.33e-08,0
2.335e-08,0
2.34e-08,0
2.345e-08,0
2.35e-08,0
2.355e-08,0
2.36e-08,0
2.365e-08,0
2.37e-08,0
2.375e-08,0
2.38e-08,0
2.385e-08,0
2.39e-08,0
2.395e-08,0
2.4e-08,0
2.405e-08,0
2.41e-08,0
2.415e-08,0
2.42e-08,0
2.425e-08,0
2.43e-08,0
2.435e-08,0
2.44e-08,0
2.445e-08,0
2.45e-08,0
2.455e-08,0
2.46e-08,0
2.465e-08,0
2.47e-08,0
2.475e-08,0
2.48e-08,0
2.485e-08,0
2.49e-08,0
2.495e-08,0
2.5e-08,0
2.505e-08,0
2.51e-08,0
2.515e-08,0
2.52e-08,0
2.525e-08,0
2.53e-08,0
2.535e-08,0
2.54e-08,0
2.545e-08,0
2.55e-08,0
2.555e-08,0
2.56e-08,0
2.565e-08,0
2.57e-08,0
2.575e-08,0
2.58e-08,0
2.585e-08,0
2.59e-08,0
2.595e-08,0
2.6e-08,0
2.605e-08,0
2.61e-08,0
2.615e-08,0
2.62e-08,0
2.625e-08,0
2.63e-08,0
2.635e-08,0
2.64e-08,0
2.645e-08,0
2.65e-08,0
2.655e-08,0
2.66e-08,0
2.665e-08,0
2.67e-08,0
2.675e-08,0
2.68e-08,0
2.685e-08,0
2.69e-08,0
2.695e-08,0
2.7e-08,0
2.705e-08,0
2.71e-08,0
2.715e-08,0
2.72e-08,0
2.725e-08,0
2.73e-08,0
2.735e-08,0
2.74e-08,0
2.745e-08,0
2.75e-08,0
2.755e-08,0
2.76e-08,0
2.765e-08,0
2.77e-08,0
2.775e-08,0
2.78e-08,0
2.785e-08,0
2.79e-08,0
2.795e-08,0
2.8e-08,0
2.805e-08,0
2.81e-08,0
2.815e-08,0
2.82e-08,0
2.825e-08,0
2.83e-08,0
2.835e-08,0
2.84e-08,0
2.845e-08,0
2.85e-08,0
2.855e-08,0
2.86e-08,0
2.865e-08,0
2.87e-08,0
2.875e-08,0
2.88e-08,0
2.885e-08,0
2.89e-08,0
2.895e-08,0
2.9e-08,0
2.905e-08,0
2.91e-08,0
2.915e-08,0
2.92e-08,0
2.925e-08,0
2.93e-08,0
2.935e-08,0
2.94e-08,0
2.945e-08,0
2.95e-08,0
2.955e-08,0
2.96e-08,0
2.965e-08,0
2.97e-08,0
2.975e-08,0
2.98e-08,0
2.985e-08,0
2.99e-08,0
2.995e-08,0
3e-08,0
3.005e-08,0
3.01e-08,0
3.015e-08,0
3.02e-08,0
3.025e-08,0
3.03e-08,0
3.035e-08,0
3.04e-08,0
3.045e-08,0
3.05e-08,0
3.055e-08,0
3.06e-08,0
3.065e-08,0
3.07e-08,0
3.075e-08,0
3.08e-08,0
3.085e-08,0
3.09e-08,0
3.095e-08,0
3.1e-08,0
3.105e-08,0
3.11e-08,0
3.115e-08,0
3.12e-08,0
3.125e-08,0
3.13e-08,0
3.135e-08,0
3.14e-08,0
3.145e-08,0
3.15e-08,0
3.155e-08,0
3.16e-08,0
3.165e-08,0
3.17e-08,0
3.175e-08,0
3.18e-08,0
3.185e-08,0
3.19e-08,0
3.195e-08,0
3.2e-08,0
3.205e-08,0
3.21e-08,0
3.215e-08,0
3.22e-08,0
3.225e-08,0
3.23e-08,0
3.235e-08,0
3.24e-08,0
3.245e-08,0
3.25e-08,0
3.255e-08,0
3.26e-08,0
3.265e-08,0
3.27e-08,0
3.275e-08,0
3.28e-08,0
3.285e-08,0
3.29e-08,0
3.295e-08,0
3.3e-08,0
3.305e-08,0
3.31e-08,0
3.315e-08,0
3.32e-08,0
3.325e-08,0
3.33e-08,0
3.335e-08,0
3.34e-08,0
3.345e-08,0
3.35e-08,0
3.355e-08,0
3.36e-08,0
3.365e-08,0
3.37e-08,0
3.375e-08,0
