Threshold(mV) Counts
     1         72554
     3         69317
     5         68862
     7         69376
     9         68919
    11         69383
    13         69703
    15         69456
    17         69751
    19         70513
    21         71098
    23         70832
    25         70449
    27         70116
    29         70477
    31         69965
    33         70067
    35         69983
    37         70508
    39         70309
    41         70260
    43         70196
    45         69610
    47         65862
    49         56460
    51         56260
    53         40467
    55         22769
    57          9521
    59          3382
    61          3315
    63          1603
    65          1295
    67          1184
    69          1211
    71          1104
    73          1016
    75           889
    77           940
    79           835
    81           842
    83           857
    85           804
    87           827
    89           870
    91           791
    93           783
    95           779
    97           800
    99           736
   101           763
   103           712
   105           649
   107           668
   109           658
   111           533
   113           355
   115           425
   117           272
   119           162
   121           101
   123            48
   125            58
   127            34
   129             8
   131            13
   133            15
   135            14
   137            18
   139            24
   141            14
   143             9
   145            20
   147            18
   149            20
   151            13
   153            10
   155            10
   157            11
   159            10
   161            16
   163            11
   165            10
   167             6
   169             3
