Threshold(mV) Counts
     1        164792
     3        166079
     5        165712
     7        166959
     9        166775
    11        167459
    13        168212
    15        167701
    17        168276
    19        168961
    21        169735
    23        169516
    25        169509
    27        172203
    29        171757
    31        172303
    33        172704
    35        173575
    37        175346
    39        175980
    41        178202
    43        177947
    45        180997
    47        189109
    49        218098
    51        216445
    53        271960
    55        319318
    57        336226
    59        339832
    61        338434
    63        337900
    65        326703
    67        296368
    69        296509
    71        250911
    73        217910
    75        206691
    77        204105
    79        203609
    81        205257
    83        203826
    85        204594
    87        203404
    89        203589
    91        201804
    93        200737
    95        202956
    97        201635
    99        201726
   101        204554
   103        204968
   105        204452
   107        205443
   109        204042
   111        203684
   113        202022
   115        201967
   117        201827
   119        200287
   121        200539
   123        199512
   125        200361
   127        198401
   129        198366
   131        198115
   133        196362
   135        196294
   137        195929
   139        195226
   141        194680
   143        194453
   145        193430
   147        192419
   149        190548
   151        187596
   153        187394
   155        185852
   157        185275
   159        183698
   161        183757
   163        182207
   165        174955
   167        158555
   169        132526
   171        132494
   173         99252
   175         66940
   177         43008
   179         31219
   181         30448
   183         26337
   185         25172
   187         24507
   189         24422
   191         24157
   193         23761
   195         23320
   197         22963
   199         23186
   201         22695
   203         22103
   205         22003
   207         21494
   209         21218
   211         20837
   213         20275
   215         19786
   217         19940
   219         19065
   221         18860
   223         17976
   225         17608
   227         18045
   229         17351
   231         16854
   233         16455
   235         16559
   237         15927
   239         15477
   241         14847
   243         14503
   245         14581
   247         14258
   249         13932
   251         13840
   253         13800
   255         13362
   257         13216
   259         13093
   261         12801
   263         13020
   265         12892
   267         12865
   269         12910
   271         12520
   273         12594
   275         12566
   277         12045
   279         12476
   281         12213
   283         12209
   285         12141
   287         12002
   289         11970
   291         11970
   293         12163
   295         11862
   297         11676
   299         11565
   301         11673
   303         11537
   305         11459
   307         11466
   309         11225
   311         11133
   313         10993
   315         11051
   317         10894
   319         11026
   321         10867
   323         10825
   325         10906
   327         10798
   329         10528
   331         10434
   333         10328
   335          9722
   337          9998
   339          9411
   341          8525
   343          7450
   345          7715
   347          6203
   349          4878
   351          3612
   353          2882
   355          2766
   357          2230
   359          1918
   361          1761
   363          1946
   365          1788
   367          1753
   369          1722
   371          1654
   373          1751
   375          1663
   377          1621
   379          1611
   381          1607
   383          1554
   385          1587
   387          1526
   389          1486
   391          1509
   393          1516
   395          1463
   397          1440
   399          1405
   401          1377
   403          1433
   405          1259
   407          1362
   409          1401
   411          1300
   413          1247
   415          1265
   417          1236
   419          1237
   421          1204
   423          1146
   425          1169
   427          1160
   429          1190
   431          1120
   433          1156
   435          1076
   437          1053
   439          1088
   441          1089
   443          1037
   445           985
   447          1114
   449          1037
   451          1032
   453           992
   455          1049
   457          1081
   459          1005
