Threshold(mV) Counts
     1        134673
     3        135044
     5        135723
     7        135799
     9        135780
    11        137079
    13        137383
    15        136237
    17        137223
    19        137802
    21        138191
    23        138031
    25        139112
    27        139295
    29        140145
    31        142122
    33        141388
    35        142735
    37        146634
    39        167013
    41        210998
    43        211342
    45        253335
    47        261820
    49        239940
    51        237654
    53        199850
    55        167122
    57        155302
    59        152714
    61        153223
    63        152476
    65        152987
    67        152306
    69        152376
    71        152361
    73        152190
    75        150746
    77        152112
    79        151721
    81        152838
    83        153572
    85        154287
    87        152390
    89        153371
    91        152172
    93        152288
    95        152688
    97        151632
    99        151220
   101        150851
   103        151290
   105        150694
   107        150684
   109        149278
   111        148444
   113        147198
   115        146770
   117        145628
   119        144625
   121        142617
   123        140600
   125        140452
   127        132140
   129        114746
   131         88480
   133         59560
   135         59576
   137         35309
   139         20247
   141         14289
   143         14470
   145         12533
   147         12124
   149         11806
   151         11501
   153         11694
   155         11374
   157         11112
   159         10892
   161         10714
   163         10441
   165         10276
   167         10121
   169          9570
   171          9678
   173          9320
   175          9089
   177          8748
   179          8361
   181          8173
   183          8029
   185          7722
   187          7502
   189          7567
   191          7261
   193          7123
   195          7017
   197          6778
   199          6779
   201          6900
   203          6665
   205          6677
   207          6640
   209          6530
   211          6405
   213          6525
   215          6584
   217          6481
   219          6431
   221          6362
   223          6313
   225          6244
   227          6375
   229          6203
   231          6206
   233          6175
   235          6217
   237          6183
   239          6071
   241          6071
   243          6079
   245          5987
   247          5995
   249          5779
   251          5881
   253          5719
   255          5804
   257          5569
   259          5444
   261          5318
   263          5107
   265          4858
   267          4309
   269          3637
   271          2942
   273          2978
   275          2131
   277          1397
   279           968
   281          1022
   283           805
   285           688
   287           612
   289           603
   291           633
   293           603
   295           590
   297           601
   299           587
   301           560
   303           550
   305           532
   307           570
   309           522
   311           495
   313           488
   315           498
   317           517
   319           487
   321           479
   323           429
   325           435
   327           492
   329           431
   331           387
   333           463
   335           409
   337           405
   339           410
   341           426
   343           387
   345           383
   347           405
   349           385
   351           388
   353           405
   355           427
   357           411
   359           397
   361           377
   363           366
   365           440
   367           344
   369           331
   371           376
   373           358
   375           370
   377           368
   379           329
   381           370
   383           347
   385           348
   387           350
   389           322
   391           293
   393           290
   395           298
   397           281
   399           271
   401           230
   403           193
   405           196
   407           129
   409           145
   411           109
   413            70
   415            70
   417            59
   419            50
   421            51
   423            39
   425            47
   427            41
   429            38
