Threshold(mV) Counts
     1        104475
     3        104563
     5        103542
     7        105509
     9        105031
    11        104950
    13        105200
    15        105794
    17        105695
    19        106365
    21        106308
    23        105917
    25        106482
    27        108719
    29        120154
    31        139442
    33        139867
    35        143116
    37        125420
    39        113344
    41        110284
    43        111261
    45        110125
    47        110068
    49        109451
    51        109948
    53        110576
    55        109983
    57        109373
    59        110255
    61        110464
    63        110539
    65        110985
    67        111164
    69        110900
    71        111330
    73        110421
    75        110563
    77        108908
    79        109047
    81        108520
    83        106895
    85        102769
    87         93300
    89         93480
    91         75881
    93         51206
    95         28537
    97         28461
    99         13548
   101          7244
   103          5315
   105          4970
   107          4960
   109          4776
   111          4691
   113          4381
   115          4457
   117          4293
   119          3989
   121          3897
   123          3736
   125          3821
   127          3566
   129          3458
   131          3349
   133          3200
   135          3246
   137          3089
   139          2938
   141          2967
   143          2979
   145          2918
   147          2890
   149          2828
   151          2890
   153          2887
   155          2785
   157          2872
   159          2824
   161          2742
   163          2730
   165          2813
   167          2728
   169          2771
   171          2684
   173          2662
   175          2700
   177          2626
   179          2587
   181          2636
   183          2423
   185          2359
   187          2133
   189          2152
   191          1837
   193          1466
   195          1118
   197           728
   199           767
   201           446
   203           288
   205           177
   207           224
   209           156
   211           163
   213           138
   215           119
   217           143
   219           158
   221           167
   223           143
   225           146
   227           152
   229           111
   231           134
   233           128
   235           133
   237           117
   239           112
   241           110
   243           115
   245           119
   247           114
   249           117
   251           107
   253           116
   255            90
   257            92
   259           107
   261           111
   263           107
   265            86
   267            95
   269           105
   271            90
   273            82
   275            81
   277            80
   279           110
   281            93
   283            82
   285            47
   287            54
   289            54
   291            50
   293            42
   295            21
   297            26
   299            19
