Threshold(mV) Counts
     1        194495
     3        197650
     5        197633
     7        198183
     9        199531
    11        200128
    13        200836
    15        201437
    17        200096
    19        200938
    21        202612
    23        202756
    25        203109
    27        202655
    29        204603
    31        205660
    33        206472
    35        207232
    37        207989
    39        209152
    41        211703
    43        212034
    45        213761
    47        216385
    49        219930
    51        219071
    53        221462
    55        224872
    57        237114
    59        272407
    61        273065
    63        337758
    65        387568
    67        407456
    69        408786
    71        415537
    73        414192
    75        413797
    77        413860
    79        414369
    81        412226
    83        397231
    85        359866
    87        313575
    89        313145
    91        281924
    93        271902
    95        273181
    97        272358
    99        273218
   101        272969
   103        273350
   105        270577
   107        270679
   109        269490
   111        266679
   113        265334
   115        265152
   117        264108
   119        267459
   121        268392
   123        271865
   125        270231
   127        271215
   129        271050
   131        267511
   133        266645
   135        266900
   137        266047
   139        263088
   141        263402
   143        262303
   145        262930
   147        261473
   149        260535
   151        258582
   153        259743
   155        258837
   157        258626
   159        257737
   161        257249
   163        256319
   165        254065
   167        253843
   169        252750
   171        252289
   173        251061
   175        249828
   177        247701
   179        247871
   181        247201
   183        245005
   185        242305
   187        239917
   189        240340
   191        237559
   193        237102
   195        235722
   197        234076
   199        234715
   201        231568
   203        223028
   205        205016
   207        205348
   209        174774
   211        136188
   213        100197
   215         72085
   217         72341
   219         55617
   221         48682
   223         45881
   225         45346
   227         45738
   229         44979
   231         44298
   233         43963
   235         43469
   237         42562
   239         42484
   241         41755
   243         41406
   245         41204
   247         40811
   249         39952
   251         39229
   253         39399
   255         38831
   257         38207
   259         37826
   261         36931
   263         37148
   265         36308
   267         35908
   269         34525
   271         33646
   273         34151
   275         33340
   277         32574
   279         31712
   281         31611
   283         31130
   285         29861
   287         29905
   289         29039
   291         29420
   293         27775
   295         27435
   297         26929
   299         26809
   301         25645
   303         25815
   305         25344
   307         24958
   309         25103
   311         24365
   313         23988
   315         23322
   317         23504
   319         23510
   321         23317
   323         22885
   325         22602
   327         22905
   329         22661
   331         22455
   333         22259
   335         21957
   337         22119
   339         22127
   341         21719
   343         21753
   345         21854
   347         21389
   349         21164
   351         21146
   353         21036
   355         21034
   357         20901
   359         20691
   361         20372
   363         20666
   365         20293
   367         20116
   369         19894
   371         19855
   373         19897
   375         19789
   377         19656
   379         19474
   381         19078
   383         19160
   385         18981
   387         18967
   389         18748
   391         18691
   393         18483
   395         18381
   397         18212
   399         17903
   401         18285
   403         17961
   405         17513
   407         16969
   409         16951
   411         16350
   413         15379
   415         13655
   417         12106
   419         11787
   421          9882
   423          8054
   425          6464
   427          5407
   429          5429
   431          4951
   433          4462
   435          4464
   437          4515
   439          4564
   441          4220
   443          4239
   445          4121
   447          4063
   449          3990
   451          4068
   453          3898
   455          4161
   457          3865
   459          3956
   461          3839
   463          3906
   465          3689
   467          3756
   469          3618
   471          3582
   473          3625
   475          3508
   477          3543
   479          3291
   481          3339
   483          3317
   485          3299
   487          3142
   489          3183
   491          3178
   493          3216
   495          3014
   497          3117
   499          2904
